-50
-49.5178
-49.2553
-48.3932
-47.5738
-47.2274
-46.9726
-46.7223
-46.44
-46.2767
-45.9792
-45.674
-45.4039
-45.0972
-44.8424
-44.4517
-44.0657
-43.8093
-43.5163
-42.877
-42.4314
-42.3551
-42.1979
-41.7585
-40.9986
-40.5423
-40.4355
-39.8938
-39.3414
-39.0744
-38.8913
-38.6151
-38.0566
-37.5988
-36.99
-36.5429
-36.5368
-36.52
-36.0363
-35.3038
-35.0139
-34.8842
-34.5576
-34.0052
-33.6558
-33.2392
-32.7265
-32.5953
-32.5617
-32.5327
-32.3832
-32.2398
-31.7698
-31.2967
-31.1533
-30.6742
-29.9844
-29.6167
-29.3863
-29.1391
-29.0414
-28.0587
-27.1371
-26.9768
-26.7922
-26.0125
-25.1518
-24.8695
-24.3873
-24.0501
-23.9631
-23.7205
-23.159
-22.7607
-22.3487
-21.7063
-21.1737
-20.7846
-19.6768
-18.6193
-18.3981
-17.7068
-17.1636
-16.715
-15.5797
-14.6489
-13.9119
-13.3305
-13.2527
-13.2099
-12.6881
-12.0975
-11.5726
-11.0904
-10.8417
-10.6571
-10.5701
-10.097
-9.51262
-8.9465
-8.37581
-7.69524
-7.21458
-7.16727
-6.43941
-5.59252
-5.40635
-4.9852
-4.44655
-4.25275
-4.18409
-4.06049
-3.70647
-3.12204
-2.53304
-2.23853
-1.88146
-1.55186
-1.31535
-1.09104
-0.770594
0.22126
1.22379
1.73193
2.11188
2.32856
2.49947
2.8779
3.51573
4.34126
4.99435
5.28886
5.38041
5.46281
5.60167
5.96026
6.2746
6.49586
6.91092
7.19016
7.34123
7.69372
7.93634
8.06299
8.22779
8.32392
8.89004
9.42564
9.45463
9.73388
10.39
10.9378
11.127
11.3788
11.6642
11.8183
12.183
12.4744
12.8574
13.4449
13.831
14.0065
14.2323
14.5436
14.8274
15.038
15.1509
15.4179
15.7033
15.8559
16.1519
16.5532
16.7531
16.8172
16.9652
17.1377
17.2689
17.3879
17.6199
17.9235
18.128
18.3767
18.7933
19.0924
19.4006
19.8462
20.0369
20.5206
21.0822
21.2592
21.5812
21.8421
22.042
22.5913
23.1422
23.3604
23.7022
24.4575
25.0572
25.3121
25.4845
25.7851
26.5206
27.7047
28.3883
28.5562
28.8751
29.1559
29.3588
29.8028
30.2118
30.2957
30.4422
31.4051
32.2916
32.6853
33.6436
34.2784
34.4661
34.698
34.8399
35.0734
35.3633
35.5571
35.8684
36.4559
37.0464
37.5912
38.5098
39.6924
40.5118
40.7987
41.0688
41.4762
41.7615
41.8805
42.172
42.5428
42.6633
42.8526
43.0448
43.115
43.3744
43.646
43.7758
43.9833
44.4731
45.4192
46.1043
46.4232
46.6628
46.8795
47.2671
48.0499
48.8861
49.4064
50
-49.8038
-49.3866
-48.8243
-47.9835
-47.4006
-47.1
-46.8474
-46.5812
-46.3584
-46.128
-45.8266
-45.539
-45.2506
-44.9698
-44.6471
-44.2587
-43.9375
-43.6628
-43.1967
-42.6542
-42.3933
-42.2765
-41.9782
-41.3785
-40.7704
-40.4889
-40.1646
-39.6176
-39.2079
-38.9828
-38.7532
-38.3358
-37.8277
-37.2944
-36.7664
-36.5398
-36.5284
-36.2781
-35.67
-35.1588
-34.949
-34.7209
-34.2814
-33.8305
-33.4475
-32.9829
-32.6609
-32.5785
-32.5472
-32.458
-32.3115
-32.0048
-31.5332
-31.225
-30.9137
-30.3293
-29.8006
-29.5015
-29.2627
-29.0902
-28.5501
-27.5979
-27.0569
-26.8845
-26.4023
-25.5821
-25.0107
-24.6284
-24.2187
-24.0066
-23.8418
-23.4397
-22.9598
-22.5547
-22.0275
-21.44
-20.9792
-20.2307
-19.1481
-18.5087
-18.0525
-17.4352
-16.9393
-16.1473
-15.1143
-14.2804
-13.6212
-13.2916
-13.2313
-12.949
-12.3928
-11.8351
-11.3315
-10.9661
-10.7494
-10.6136
-10.3336
-9.80483
-9.22956
-8.66115
-8.03553
-7.45491
-7.19092
-6.80334
-6.01596
-5.49944
-5.19578
-4.71587
-4.34965
-4.21842
-4.12229
-3.88348
-3.41426
-2.82754
-2.38578
-2.06
-1.71666
-1.43361
-1.20319
-0.930816
-0.274667
0.722527
1.47786
1.9219
2.22022
2.41402
2.68868
3.19681
3.92849
4.66781
5.14161
5.33463
5.42161
5.53224
5.78097
6.11743
6.38523
6.70339
7.05054
7.26569
7.51747
7.81503
7.99967
8.14539
8.27586
8.60698
9.15784
9.44014
9.59425
10.062
10.6639
11.0324
11.2529
11.5215
11.7412
12.0006
12.3287
12.6659
13.1512
13.638
13.9187
14.1194
14.388
14.6855
14.9327
15.0945
15.2844
15.5606
15.7796
16.0039
16.3526
16.6532
16.7852
16.8912
17.0515
17.2033
17.3284
17.5039
17.7717
18.0258
18.2524
18.585
18.9428
19.2465
19.6234
19.9416
20.2788
20.8014
21.1707
21.4202
21.7116
21.942
22.3167
22.8668
23.2513
23.5313
24.0799
24.7574
25.1846
25.3983
25.6348
26.1528
27.1126
28.0465
28.4722
28.7156
29.0155
29.2573
29.5808
30.0073
30.2538
30.369
30.9236
31.8484
32.4885
33.1645
33.961
34.3722
34.582
34.769
34.9567
35.2184
35.4602
35.7128
36.1621
36.7512
37.3188
38.0505
39.1011
40.1021
40.6552
40.9337
41.2725
41.6189
41.821
42.0263
42.3574
42.6031
42.758
42.9487
43.0799
43.2447
43.5102
43.7109
43.8795
44.2282
44.9461
45.7617
46.2638
46.543
46.7711
47.0733
47.6585
48.468
49.1462
49.7032
