-50
-49.4267
-48.677
-47.9449
-47.2566
-46.6393
-46.1087
-45.666
-45.3013
-44.9991
-44.7415
-44.5075
-44.2726
-44.0093
-43.687
-43.2757
-42.7563
-42.1355
-41.4529
-40.7707
-40.1502
-39.6318
-39.2262
-38.9185
-38.6775
-38.4632
-38.234
-37.9544
-37.6044
-37.184
-36.7084
-36.1956
-35.6603
-35.117
-34.5863
-34.0917
-33.6484
-33.2529
-32.8802
-32.4893
-32.034
-31.4767
-30.7957
-29.9801
-29.0209
-27.9149
-26.6868
-25.4068
-24.1764
-23.0829
-22.1606
-21.3911
-20.7339
-20.156
-19.6393
-19.176
-18.7626
-18.3952
-18.0673
-17.7665
-17.4745
-17.1707
-16.8403
-16.4811
-16.1021
-15.712
-15.3084
-14.8795
-14.4195
-13.9425
-13.4784
-13.0562
-12.6892
-12.3761
-12.1073
-11.8687
-11.6412
-11.403
-11.1371
-10.8379
-10.5107
-10.169
-9.83206
-9.52077
-9.2515
-9.0288
-8.84306
-8.67543
-8.50589
-8.31783
-8.09744
-7.83261
-7.51718
-7.15832
-6.776
-6.38863
-5.99589
-5.57918
-5.12472
-4.64821
-4.19506
-3.81348
-3.52307
-3.30366
-3.10984
-2.89788
-2.64615
-2.35765
-2.04568
-1.71495
-1.35372
-0.943666
-0.480348
0.0125059
0.488496
0.901502
1.22911
1.48123
1.69395
1.91853
2.20956
2.60921
3.13023
3.75033
4.4246
5.10547
5.75467
6.34526
6.86312
7.31039
7.70473
8.07199
8.4393
8.83186
9.26813
9.75127
10.266
10.7887
11.3019
11.7985
12.2733
12.7144
13.1048
13.4321
13.695
13.9059
14.0868
14.2624
14.4546
14.6814
14.9603
15.3097
15.743
16.2551
16.8145
17.3683
17.861
18.2563
18.5466
18.7497
18.8966
19.0212
19.1545
19.323
19.5477
19.8417
20.2091
20.6482
21.1547
21.7183
22.3129
22.8943
23.4153
23.8502
24.2061
24.5136
24.8058
25.1051
25.4237
25.7691
26.1437
26.5384
26.932
27.2992
27.6234
27.9004
28.1336
28.3289
28.4951
28.6484
28.8126
29.0123
29.2629
29.563
29.8936
30.2273
30.5408
30.8252
31.0872
31.3428
31.6097
31.9007
32.2216
32.5704
32.9376
33.3061
33.6535
33.9608
34.222
34.4472
34.6557
34.8652
35.0845
35.3133
35.5457
35.7754
35.9999
36.2227
36.452
36.6966
36.9618
37.2493
37.5566
37.8762
38.1966
38.5072
38.8037
39.0902
39.3752
39.6691
39.9816
40.3167
40.6656
41.0078
41.3227
41.6043
41.8658
42.1316
42.4224
42.7432
43.085
43.4341
43.7814
44.123
44.4583
44.7927
45.1403
45.5206
45.9463
46.4143
46.909
47.4151
47.9261
48.4416
48.9609
49.4809
50
-49.8027
-49.0519
-48.3109
-47.6007
-46.9479
-46.374
-45.8874
-45.4837
-45.1502
-44.8703
-44.6245
-44.39
-44.1409
-43.8481
-43.4814
-43.016
-42.4459
-41.7942
-41.1118
-40.4604
-39.891
-39.429
-39.0724
-38.798
-38.5703
-38.3486
-38.0942
-37.7794
-37.3942
-36.9462
-36.452
-35.9279
-35.3886
-34.8517
-34.339
-33.87
-33.4506
-33.0666
-32.6848
-32.2616
-31.7553
-31.1362
-30.3879
-29.5005
-28.4679
-27.3009
-26.0468
-24.7916
-23.6297
-22.6218
-21.7759
-21.0625
-20.445
-19.8976
-19.4076
-18.9693
-18.5789
-18.2313
-17.9169
-17.6205
-17.3226
-17.0055
-16.6607
-16.2916
-15.907
-15.5102
-15.094
-14.6495
-14.181
-13.7105
-13.2673
-12.8727
-12.5326
-12.2417
-11.988
-11.755
-11.5221
-11.2701
-10.9875
-10.6743
-10.3398
-10.0005
-9.67642
-9.38614
-9.14015
-8.93593
-8.75925
-8.59066
-8.41186
-8.20764
-7.96503
-7.6749
-7.33775
-6.96716
-6.58232
-6.19226
-5.78754
-5.35195
-4.88647
-4.42163
-4.00427
-3.66828
-3.41337
-3.20675
-3.00386
-2.77201
-2.5019
-2.20167
-1.88031
-1.53433
-1.14869
-0.712007
-0.233921
0.250501
0.694999
1.06531
1.35517
1.58759
1.80624
2.06405
2.40939
2.86972
3.44028
4.08747
4.76504
5.43007
6.04997
6.60419
7.08676
7.50756
7.88836
8.25564
8.63558
9.04999
9.5097
10.0086
10.5274
11.0453
11.5502
12.0359
12.4939
12.9096
13.2685
13.5635
13.8005
13.9964
14.1746
14.3585
14.568
14.8208
15.135
15.5264
15.9991
16.5348
17.0914
17.6147
18.0587
18.4014
18.6481
18.8232
18.9589
19.0879
19.2388
19.4354
19.6947
20.0254
20.4286
20.9015
21.4365
22.0156
22.6036
23.1548
23.6328
24.0282
24.3599
24.6597
24.9555
25.2644
25.5964
25.9564
26.3411
26.7352
27.1156
27.4613
27.7619
28.017
28.2312
28.412
28.5718
28.7305
28.9125
29.1376
29.413
29.7283
30.0604
30.384
30.683
30.9562
31.215
31.4762
31.7552
32.0612
32.396
32.754
33.1218
33.4798
33.8071
34.0914
34.3346
34.5514
34.7604
34.9748
35.1989
35.4295
35.6606
35.8877
36.1113
36.3373
36.5743
36.8292
37.1056
37.4029
37.7164
38.0364
38.3519
38.6555
38.947
39.2327
39.5221
39.8253
40.1492
40.4911
40.8367
41.1653
41.4635
41.735
41.9987
42.277
42.5828
42.9141
43.2596
43.6078
43.9522
44.2906
44.6255
44.9665
45.3305
45.7335
46.1803
46.6617
47.1621
47.6706
48.1839
48.7012
49.2209
49.7405
